                                                            
                                                            
                                                            
          549  8                             4967           
        91     7368                       898    9          
        8          9                     8       188        
        8          797                  81          41      
        6           56                  6           23      
        78           74              0606  74      92       
         9          488   12  25265 66668606692    32       
          568    89861392           96696660687 7 65        
            688989142               78668096800086          
             26187                      066666668           
            92                          5498882             
           51                                 0             
           8       9778                       9             
           0      86699                       9             
          53      99 988             8         0            
           8      88 8087          95988      15            
           8      488938          2888838      8            
           75       543   7861                8             
            8     7777    1888884   777      76             
              8             9087     8889   82              
               79488888959559959271877258889                
                         976985817181                       
                         88 3896198                         
                         9882979683881                      
                        917777777839389                     
                       91698888884888                       
                            1948 6458                       
                             6367                           
                              6                             
                                                            
                                                            