                                                            
                                                            
                                                            
                                765                         
                     282  7897489 788                       
                   67     822822284228228                   
              7   9    165822842222258228                   
           12 76  9  21   182285222285267                   
           6 0   6  9  4867 80888888888  389                
           4 9969  9 81 794782222222258 796  36             
           9  6116163 56                   787 35           
            65    8  8                        8  8          
                81  8          1     9         8  8         
               17  9         79      8         31  9        
               9   8        52  35  52          9  71       
               5   9    7    7358804           57   8       
               8    97 6191             758 4 25    5       
                8    98937807          81788281    9        
                78  87 87 886         78  883 8768          
               17  8  7088774         7888 79  74 72        
               2   787788888           98888  78   9        
                682 9177       892483     777797 755        
                 4 9787                      9327 8         
                5  5     71598086980869231      8 4         
                 8 9       578000000079         2 6         
                   69     75 880000865 8      888           
                          940000000000879                   
                          50800800000690                    
                          800000080000087                   
                              858859                        
                              259856                        
                               8988                         
                                                            
                                                            