                                                            
                                                            
                                                            
                                                            
                                                            
                  48892               16891                 
                7066666609         586666660                
                7866666666980834868666666660                
                 866666900886666688800666668                
                69666660998889660008806666666               
                0666666666683 6178666666666607              
              1986666666887        8866666668898            
            78 8 988884              760888018 36           
            8  8        14         51         8  8          
           9 42         36 38  18178          46 59         
          19 8      1 5      74        6 2      8  9        
         8   8     92297               88 5    24  95       
        14   8      88174            48879      8   32      
       97    8     988  6            887  8    59   58      
       9     78    4979987           854488    8      8     
      42      8     81888        7   712885    8      8     
     76        87 7777       18887       777  8       25    
      8        87497                       7668       51    
      9        8      18888888888888888885    83      51    
      38     67          669686609999          5431  97     
        66755            9189589586625             1        
                       18 8668668668 19                     
                       6288668969966956                     
                         9688088808893                      
                          19895868967                       
                            8168155                         
                            6683697                         
                                                            
                                                            
                                                                                    