                         717                                
                        22141                               
                     156908896999657                        
              724423333333333333333332443                   
           295333113333333333333333333313365                
         95333333333333333333333333231322311267             
       65133333333333333333333333657204512613334            
     393313333333333333333333333316412838162333351          
    3631333333333333333333333333314433463483333334          
   791333333333333333333333333333593988885313333347         
   62333333333333333333333332222483663333133333336          
   62333133333333333332468994469699964523333333395          
   79331333333333324882     33  6      26989980634          
     46533332256892  6       55 17                723       
       3324453        22       32            37       13    
      53   21            244427             796359      2   
   35      4   7  6002                     22     9     41  
 47   647393    1057009            7718 2  6     74     97  
5    4     11  5001 6007        700844903  6   247     47   
6    21     3   30005161         7         74        79     
3     7964  12   996639                      45555542       
 2          4     711     089698      777   6               
  23       631   777      455555       695775               
     73237     337          227   3566    725               
                     79860960804345 7057                    
                     58776  9887  644                       
                 51    983  9692   5                        
                 22595  2  79666   13                       
                       2   79466    57                      
                        5440606244553                       
                          9324 636                          
                         6316  6353                         
                         269   4335                         
                               5263                         
                                                            