                 08603160202                               3
     204         8438  18763                         709    
3   82 29                                           98 10   
     308300                                       801206    
      39   5666233                         3333552   26     
      76       7115809                 4882         152     
        6            7404           782            704      
        9             706           16             704      
        6          16995333333333333326991         705      
         6      7405                  7716091     16        
         045 7652                          724433690        
            23             777777              55           
          31              77777777              753         
         9                  7777                  19        
        13                  7777                  753       
        9         72808277        7728000277       704      
       27       5537   132997  199531    72267     7257     
      28     7161441        6004       7162  657     26     
      28     607 5000897            7980002   66     26     
      28    95    500003            300003     59    26     
      28    95    200003            300003     59    24     
       76   95     2007              3003      49  702      
        75  65    77      39054093      77    769 767       
         27  40                              786  24        
           51 34                           7194124          
            20020004                  11190002602           
                11  710622224444444468037  717              
                     0                38                    
                    57 45           34 24                   
                    21406           40455                   
                      796           56                      
                        70 700000  66                       
                         7467   7493                        