                                                            
                                                            
                                                            
                                                            
                                                            
                                                            
                   9111165         294497                   
                   91111112992 3191111119                   
                   5111185481112888911113                   
                   9111134549669266311116                   
           941  89391111164     19111111877   7             
         4        8  37            99258  68     8          
        9         9                      8        47        
        27        9     6   6   9  9     8        21        
        2        39     7929 426344      8         9        
         72    787  8 9                8  5       6         
            747    991 987          99889    8492           
            8       8  889         5  5889    9             
            8       888 55    7    888888      5            
             9       8803          288892     8             
             34   7777     1995994     77     4             
                91                      77  72              
                    78898693 74  25 79288887                
                     21 84896444685912                      
                      9  85     442 91                      
                     581 57      9 78                       
                      9 7        6689                       
                        5699 313948                         
                          9  6 6  9                         
                           485 192                          
                                                            
                                                            
                                                            
                                                            