            343                                241          
           853587                            102340         
          197  106                          481  781        
    7444400     89         54444442         46     8944441  
  7061   49777 76098319888911111113988081289067777 42   1407
   245   7711117    2661111111111111112893   7711117   7663 
     30211333331  11983111111111111111110911 713333111507   
      780177117  5005111111111111111111114000577717 6097    
     101   745   7692117688888911111111112967   54    10    
     107 7205402132047102777135008111111160333206402  70    
      94499111380083150043111113350431111130008311164446    
       081711111111315025991711111349611113331111111400     
       9511111159000690631280632111160555600095111111687    
     10171111585    7250411113649888880067    5841111140    
     101711109          9931111113325497        681111407   
    4877711485           3886525446806          2843113206  
    487111203   22 4696     7331331    6695 33   102111206  
    487111503    30000007             0000002    102111206  
    487111503   200  1007             6  20003   102111206  
    487111503    10890007             0890003    103111206  
    487111503    10000507             0008403    103111206  
    487111503    20000007            70000005    303111206  
    487111503  71120000               100003117  203111206  
    48771150437711117      62111136      71111733603111206  
    487111508669809          11117        780886680311282   
     3021115082255400000000000000000000000052222887111407   
     102111200233332256839053777125043965233333208711140    
      19511200223232692198627777735686358622333289711491    
       563113905326821500060095590060082158653204711565     
        5411390525680862005773451775004690065320471205      
         283134062254600047 777777 180006552260211567       
           44232006662   507806900703   29660811264         
             280007      50784  60701      780005           
                           97     6                         
                                                            
                                                            