                                           909449803        
        60097                           282222222222291     
      0222222299                       02222222222222228    
    46222222222262   500622322333224800222254422222222226   
   422222254222228022222222222222222222328958854222222228   
  3622222256945052222222222222222222222222229  0455222220   
  632222225670422222233580000000008423222222253  28554591   
  9222222250022222502    0            7982222252            
  6322222506222284      42   809801        822257           
  18222298392259        20   0   65          9528           
    137   93293 72       303   607        8   1629          
          4207   884004               0000     746          
         5543     559455             960880     443         
         820     77981 07           21007 0      99         
         00       1960002           8700000       0         
         0        5240005           9 80000         21      
       08         2384001            155009        9 8222   
        6           608   7     72    40047117     876525241
       30       13337      79004 507      1331      05522258
          87     77       97 4  4  75        72909   8222260
            148008421177118  10803  7040            35222223
                      2  67  67  78    77          02262789 
                      8    707          5       092220      
                     72                 500092222299        
                      4                 942332805           
                       6        77777730                    
                           6559 3659                        
                           3226  926                        
                             82   1                         