                                                            
                                                            
                                                            
                                                            
                     12                                     
                 185333358           7842490                
                83333333338         9533333329              
               8333333333343       343333333325             
               83333333333588888800833333333338             
              353333333333333333333333333333338             
              833333333333333333333333333564338             
             03333333333333333333328338881111859            
            0333333333333333333333431118191118324           
            8358833303333333333333381111883183338           
            32    1  48824934883388368981306336435          
            8     87            7  143  23  66  8           
           72     98888              97         72          
           9     2818888             628888      8          
           31     88888              888888      8          
            8                         7547       9          
             0          184984681 78            8           
              78           993283              0            
                 1486237                  7394              
                      68537325698889887                     
                  44   38884896688287    8                  
                  9  794633333333332893 19                  
                      3833333333333359                      
                        849888888898                        
                        6982    7988                        
                        47 4    9  6                        
                                763                         
                                                            
                                                            
                                                            
                                                            