                                                            
      300000003                                             
   1685      7288821                                        
 79377777777777771329001    6000004                         
 1077777777777777777133452661 77773992                      
 1077777777777777777771647 7777777771282                    
   6277777777777777777362 77777777771384                    
    75647 77777777777702 7777777777771164                   
        6951177777777765777777771897771681                  
           35453777777194 7777113897771346443               
          2883177777777146711332857777777771567             
        341 777777777777716666641777777777777364            
      19177777777777777777777777777777777777771362          
     2977777777777777754446464666627777777777771168         
    267 777777777180007           3000277777777713507       
    99777777771596                    296217777771503       
   441777777765                          7647777713262      
   02 77777307                             16377771194      
   02 777760     661                697     1917771394      
   02 77795    100005             100006      03771395      
   02 77785    300004             100006      03771395      
   85 77785    100005             700004      03713363      
    4877785      55    77  1   3    35        0371505       
     267795             3091406              783148         
      457280                                1083493         
        8560005                      83    200003           
         588524888377777777777171120040000000207            
             7588842220000311777772865498580461             
                  800051120005  7606868880652               
                 43 783773988425093313332206                
                 631607      169047421551186                
                    507         75512125365                 
                      62  00008  50821356                   
                      15252   55257 7337                    