                            25      7                       
                           3   2  4   5     7               
                57772267                 9777777            
               9777778                   4777779            
           14450177776                   2371444723         
       342   5777785                       6777772  727     
   761      17777771               5       4777779      5   
  37         577770        5        5       63776         2 
   4            6           2   9    5        1            5
     12105  8004             3639               007  7  9   
              4                          7       9          
              6     7 4737             318 3     6          
              4     101309            902606     4          
              5     00  001          708  00     9          
              3     0000906          2080000     9          
               5    8740403           476898    5           
                3  1360003  77    7    399211  43           
                  9477         777          183             
                        9446088800880959                    
                        3232669828834439                    
                       91 0035666693392 6                   
                      4 3542334969333303 17                 
                         6233333333333347                   
                        59602852028928466                   
                            8681 9665                       
                            8664 8665                       
                            7898 890                        
                                                            